1144
605
1279
1629
1327
536
46
599
256
1181
1842
1207
1534
275
897
1878
414
1346
31
36
1209
559
1721
1721
1809
592
1987
1487
36
1525
1586
1947
1387
1111
515
1788
240
314
1817
917
792
1955
276
1643
1232
711
1717
250
795
1586
613
196
478
36
1570
1150
885
423
607
1916
1582
899
134
1234
1283
1475
1843
1740
1219
348
168
1267
1177
1649
823
1942
719
1036
263
1842
1393
700
1256
1173
1013
1904
1436
398
310
1488
1318
189
1817
78
1779
1465
197
1639
1066
1545
628
301
680
1757
1832
1044
13
978
1458
865
799
1819
1607
404
1180
519
1974
1165
479
881
1804
321
606
247
1850
821
1599
1724
1475
1031
1507
1707
1990
651
654
1137
1508
1338
1224
809
578
332
1021
1726
261
1801
1094
251
425
41
1251
1734
424
1798
317
362
719
1916
328
1631
472
482
1073
1392
584
1690
1619
1046
364
211
881
1041
492
1197
1701
1908
1801
1572
456
1338
74
1242
544
323
1829
1519
69
1679
1268
532
319
1982
945
654
1709
1119
405
1013
440
804
1560
337
1017
1643
1092
489
908
411
1077
610
1210
665
608
1728
659
1223
233
533
111
1328
598
52
1997
1904
96
972
1437
1970
1753
1477
827
663
1396
472
444
286
402
564
662
341
493
1207
72
449
1455
911
1257
1800
640
666
712
1961
931
469
813
492
1976
1037
832
1310
1266
1721
1452
1579
1848
980
355
140
1704
1759
158
1794
1762
755
1224
226
79
1388
1658
195
1776
334
39
1874
1050
1244
622
930
1534
557
33
963
414
1139
499
1493
1710
1888
466
250
1254
1500
1426
254
153
1876
1636
1293
719
215
1658
1808
1403
814
508
1562
197
661
1680
1179
1009
1752
241
1932
554
1352
699
81
166
1441
1634
340
382
1884
1561
1419
1136
1146
769
1677
1736
590
843
405
153
1065
1697
809
465
1668
1075
1085
944
325
1731
1625
477
227
934
10
873
1132
1003
148
180
1822
1368
688
1689
220
828
1573
1363
144
398
1527
1869
1017
1710
260
1729
289
1634
33
1651
813
366
1518
421
321
288
741
606
1266
1591
1250
656
1634
575
969
1963
1520
1540
1305
1975
1631
1424
610
514
1366
1042
1507
1061
418
1405
1070
1185
585
542
1393
610
1902
594
779
305
1013
466
1410
399
167
1507
1130
1521
452
1396
1777
909
215
1773
1413
1413
1881
958
1684
600
1237
1561
1593
1793
216
757
33
295
445
1521
435
686
941
1322
1388
721
388
1310
863
59
1998
1388
1447
1698
1135
1334
1110
1197
210
391
523
1985
1062
867
455
920
428
1575
409
1267
555
146
1090
352
83
1657
280
330
1525
600
84
606
1979
1279
1754
1913
24
1850
1752
90
1137
1288
1924
1287
1681
594
1593
641
1517
153
1422
1919
525
968
989
363
1457
370
1333
475
1672
668
816
1287
663
350
1099
1402
1563
1258
328
760
450
528
97
365
1251
1972
235
1656
1280
1194
93
1760
1280
541
1473
1347
169
1871
319
618
882
1176
1605
1511
952
638
1276
1083
803
475
1232
1694
1172
249
51
803
1625
159
1454
1767
1419
523
237
453
1884
485
1775
1106
1880
771
304
583
781
348
401
704
1086
715
452
240
818
717
1342
1028
416
761
749
334
249
599
1402
831
488
1016
1708
1326
1520
1076
282
684
1948
928
1022
1215
698
1630
1917
1508
1783
1913
596
287
999
1334
1488
871
634
1911
665
1706
478
57
883
227
1289
1156
112
1460
1960
1309
273
978
909
1139
700
1545
264
935
1595
1545
1936
1110
1456
1069
1767
114
498
185
1450
975
1843
149
487
1981
1522
839
840
2000
947
175
587
1454
233
1839
540
1235
366
445
518
273
1924
1596
776
1928
1012
1640
1819
73
1683
108
1953
995
520
1204
598
516
423
1536
751
713
392
65
1830
131
590
1668
425
717
697
768
1531
1965
1382
348
530
550
414
1543
1851
802
1907
1802
1489
1698
149
1217
1154
856
1269
133
179
525
445
554
1218
1843
996
1494
991
1869
1347
44
522
1366
1795
1583
1622
1901
1441
594
812
282
1061
836
956
864
1026
187
885
262
23
832
1230
1274
667
1918
1797
1110
91
1584
1067
1424
782
1591
433
1985
270
1951
354
484
489
1153
614
1162
88
1952
610
178
367
1182
1746
1445
1002
254
917
405
375
1828
1172
949
1747
545
1915
639
588
241
1083
1240
1525
1148
1026
1537
969
939
1396
1618
1501
504
366
1627
851
290
324
562
1587
1845
1537
434
1336
364
953
1992
1895
892
1802
1947
328
408
765
604
865
640
679
879
318
286
1257
646
438
222
591
402
1742
962
1629
1583
1324
915
1637
995
1005
1540
764
57
1730
1181
1028
114
852
822
346
313
1492
897
219
1083
1407
1919
474
1854
111
1605
1405
212
458
981
1538
1306
1571
39
1413
1320
189
1391
725
152
1508
584
1477
1785
149
1655
1880
554
464
1115
107
283
545
1288
246
1834
1869
777
492
1210
619
1823
1592
742
1653
1063
642
1245
1267
451
434
1107
813
1968
690
1715
1641
194
1754
1153
1030
1428
537
1384
1875
1280
1932
923
1731
780
1362
375
676
608
391
1071
1499
1590
1097
708
923
796
457
616
1311
1543
378
1313
1067
957
252
1768
1572
1631
113
1858
399
1555
817
536
1353
1466
206
342
958
459
1424
100
781
1921
1491
1748
1304
1604
313
779
51
898
1492
1797
1750
421
1667
581
977
408
999
1960
1351
315
282
984
1578
1830
1129
823
1267
1449
1482
1160
557
548
888
1033
1760
1171
958
197
1173
1623
1782
1838
487
118
977
1454
515
1025
632
1497
242
565
593
1788
458
855
20
472
954
13
1470
606
1416
90
616
820
1042
1430
1779
512
254
427
1822
1663
1818
324
873
1678
254
1595
1849
1069
1227
934
131
505
1735
840
777
1243
1490
805
1786
1688
138
1799
708
491
1983
1013
85
1492
995
682
1569
1688
928
216
1420
121
1936
1769
1611
1825
143
935
1103
1991
1918
1275
178
1303
1566
1173
200
1055
787
546
823
538
751
759
1047
595
557
571
1412
1654
904
517
168
1901
408
1959
140
1735
1881
751
1812
305
1749
1176
1115
379
659
29
167
1638
416
223
1662
1071
498
1756
267
1000
1275
1646
1721
250
620
669
725
1646
1437
1070
587
313
435
1516
1373
920
246
1916
451
1629
1099
1241
1741
140
1158
1771
907
827
1601
1894
682
224
969
1954
903
1215
1033
483
1916
1109
197
703
1247
1862
1252
118
945
1622
1191
605
1262
71
690
1597
929
920
908
1655
1615
651
382
867
110
1132
1674
1607
1925
24
42
296
1377
1388
77
1886
210
1285
285
438
1475
1787
208
1877
1688
1377
1740
1165
1505
497
435
795
1183
1514
253
1709
1195
1552
944
891
1408
941
1776
1624
1643
1625
133
320
509
267
1368
1184
1943
201
209
318
204
1338
694
215
1432
432
1034
57
735
1023
1476
864
1926
313
1578
850
1127
714
492
358
798
189
949
39
1838
57
244
155
96
1349
1457
1220
1399
1677
160
621
1679
800
689
226
1061
399
1362
667
613
1784
1929
404
93
654
818
353
1546
338
1051
1680
715
725
945
996
1643
296
90
14
338
460
1518
1790
1612
128
679
477
1052
1984
947
418
1338
1013
655
1913
1078
1281
659
1644
870
454
1774
1212
1118
913
816
536
81
1914
1082
42
1284
941
25
1064
836
1802
751
1342
605
1283
220
1889
12
1205
1956
1321
1694
1457
485
1100
96
703
686
1104
1711
82
1918
518
823
791
1832
948
1066
982
326
602
1556
1072
748
191
55
1397
1809
1391
785
1845
1411
694
1918
1996
1172
1539
1524
237
1437
95
1491
1244
1027
1912
29
1449
145
1518
827
896
604
813
1462
418
755
1168
94
89
1233
264
1095
1248
179
1347
153
1808
344
1438
1563
866
209
1376
1957
268
47
1706
1768
1241
726
1016
349
1833
1123
268
1064
1524
1739
1713
207
1227
1539
1920
1121
1605
1781
1448
1741
517
1172
1057
307
1274
547
1360
1804
1559
979
164
1824
1608
256
1020
838
675
1317
87
1559
1738
709
1499
1578
856
565
1426
1769
579
1418
99
93
1570
1742
1109
1638
1686
802
857
83
391
1406
603
1869
1930
856
1786
245
1368
1370
863
1209
976
320
1902
547
1629
602
1464
1180
1330
1664
1909
137
1912
867
1918
1897
1073
1993
806
1852
1573
414
1716
242
1820
148
1102
1028
859
298
78
180
1167
1049
1991
479
1863
632
913
1685
1127
791
167
446
79
402
1090
939
823
234
513
426
785
1040
341
1144
1943
1723
1593
499
1417
513
1969
1902
219
1834
986
238
1013
1016
1857
1324
375
1492
329
1746
799
100
1631
1746
947
1555
353
1943
262
1267
701
438
1340
228
621
1567
1552
932
19
978
418
1214
1220
1083
1666
708
1150
1805
187
202
206
1989
190
923
663
589
767
1392
995
647
1078
1445
255
1810
1222
793
576
102
1368
542
1744
1466
1404
951
1631
120
85
944
406
1014
460
799
512
1877
1316
898
526
1566
99
404
1136
468
1904
264
1920
1579
1306
1134
1762
655
449
468
239
1811
1599
203
1722
178
1145
1467
560
1970
434
937
1970
929
376
1410
474
1786
935
887
1701
1253
256
1182
921
1868
622
30
1738
833
225
575
1957
177
142
144
36
283
1909
1224
900
364
1747
772
930
16
1262
71
819
934
1659
1685
584
1432
209
1426
1989
392
816
326
1144
58
863
534
1229
286
1303
1118
1096
554
1584
1561
599
472
32
242
1409
417
759
1996
1590
1382
1715
1567
1834
1177
706
1409
1232
645
1981
488
56
855
649
1404
1085
1820
1490
297
938
1628
29
1946
733
1703
914
828
1749
1378
115
1716
1698
835
801
1116
1435
82
285
700
352
686
977
597
829
695
1834
1723
713
1280
626
1770
1024
610
746
172
837
1574
659
1837
1678
159
1186
1424
588
1401
548
1125
1465
1325
316
469
1449
346
211
871
1460
249
1058
80
1345
1307
107
1263
743
1443
425
1024
1916
1168
1171
1166
1910
546
1090
1849
382
1239
730
1493
856
388
778
458
339
965
977
688
1419
208
178
171
685
585
1245
1208
368
1891
898
1552
16
1142
1595
549
255
1948
1289
1587
569
644
1940
626
594
163
500
424
272
1640
1284
95
1987
579
1663
427
1784
175
227
434
532
933
1669
728
188
219
375
1337
180
941
1248
913
1140
663
802
1297
1449
672
1902
101
270
1959
148
1817
1123
491
510
66
497
392
1500
282
206
676
913
1646
1092
149
1782
791
1944
1270
548
121
267
221
1605
1086
210
1236
287
1639
1876
1231
393
1820
785
477
545
1660
1329
167
1779
1264
1148
805
958
277
11
1220
1051
802
201
457
1507
351
423
1708
567
1230
